              precision    recall  f1-score   support

           A       0.93      0.92      0.92       100
           B       0.95      0.97      0.96       100
           C       0.97      0.98      0.98       100
           D       1.00      0.93      0.96       100
           E       0.94      0.96      0.95       100
           F       1.00      0.99      0.99       100
           G       0.98      0.97      0.97       100
           H       0.99      0.99      0.99       100
           I       0.97      0.97      0.97       100
           J       0.96      0.95      0.95       100
           K       0.96      0.97      0.97       100
           L       0.98      0.96      0.97       100
           M       0.96      0.88      0.92       100
           N       0.96      0.92      0.94       100
           O       1.00      0.99      0.99       100
           P       0.98      0.95      0.96       100
           Q       0.99      0.98      0.98       100
           R       0.92      0.86      0.89       100
           S       0.82      0.95      0.88       100
           T       0.94      0.88      0.91       100
           U       0.78      0.91      0.84       100
           V       0.91      0.78      0.84       100
           W       0.87      0.97      0.92       100
           X       0.85      0.86      0.86       100
           Y       0.96      0.97      0.97       100
           Z       0.92      0.97      0.95       100

    accuracy                           0.94      2600
   macro avg       0.94      0.94      0.94      2600
weighted avg       0.94      0.94      0.94      2600
