              precision    recall  f1-score   support

           A       0.90      0.94      0.92      1000
           B       0.91      0.97      0.94      1000
           C       0.98      0.99      0.99      1000
           D       1.00      0.94      0.97      1000
           E       0.96      0.92      0.94      1000
           F       1.00      0.96      0.98      1000
           G       0.96      0.97      0.96      1000
           H       0.96      0.97      0.97      1000
           I       0.95      0.94      0.95      1000
           J       0.96      0.96      0.96      1000
           K       0.94      0.94      0.94      1000
           L       0.98      0.98      0.98      1000
           M       0.92      0.89      0.90      1000
           N       0.95      0.86      0.90      1000
           O       0.97      0.99      0.98      1000
           P       0.99      0.95      0.97      1000
           Q       0.99      0.97      0.98      1000
           R       0.89      0.92      0.91      1000
           S       0.82      0.91      0.87      1000
           T       0.93      0.89      0.90      1000
           U       0.81      0.94      0.87      1000
           V       0.94      0.79      0.86      1000
           W       0.88      0.97      0.92      1000
           X       0.92      0.87      0.89      1000
           Y       0.93      0.94      0.93      1000
           Z       0.95      0.96      0.95      1000

    accuracy                           0.94     26000
   macro avg       0.94      0.94      0.94     26000
weighted avg       0.94      0.94      0.94     26000
