              precision    recall  f1-score   support

           A       0.63      0.64      0.63       100
           B       0.54      0.60      0.57       100
           C       0.78      0.72      0.75       100
           D       0.53      0.39      0.45       100
           E       0.44      0.53      0.48       100
           F       0.31      0.62      0.41       100
           G       0.62      0.73      0.67       100
           H       0.71      0.77      0.74       100
           I       0.64      0.63      0.63       100
           J       0.56      0.57      0.57       100
           K       0.45      0.29      0.35       100
           L       0.57      0.61      0.59       100
           M       0.58      0.31      0.41       100
           N       0.37      0.43      0.40       100
           O       0.73      0.59      0.65       100
           P       0.52      0.58      0.55       100
           Q       0.43      0.36      0.39       100
           R       0.46      0.58      0.51       100
           S       0.72      0.62      0.67       100
           T       0.60      0.56      0.58       100
           U       0.41      0.47      0.44       100
           V       0.45      0.39      0.42       100
           W       0.58      0.52      0.55       100
           X       0.44      0.46      0.45       100
           Y       0.61      0.44      0.51       100
           Z       0.60      0.53      0.56       100

    accuracy                           0.54      2600
   macro avg       0.55      0.54      0.54      2600
weighted avg       0.55      0.54      0.54      2600
